%YAML:1.0
---
calibration_time: "Tue 22 Nov 2022 02:54:48 PM CET"
image_width: 1920
image_height: 1080
flags: 0
camera_matrix: !!opencv-matrix
   rows: 3
   cols: 3
   dt: d
   data: [ 8.1480664608733969e+02, 0., 6.7242706510763571e+02, 0.,
       7.9048952983844549e+02, 3.5162696732479958e+02, 0., 0., 1. ]
distortion_coefficients: !!opencv-matrix
   rows: 1
   cols: 5
   dt: d
   data: [ 4.3627418459865636e-01, -2.4496858159300152e+00,
       -2.0248385371290944e-03, 2.6800134180397173e-02,
       3.8129921056352276e+00 ]
avg_reprojection_error: 3.6105490044324853e+01
